img/positive/1626020238.801644.jpg 5 417 303 33 31 479 298 36 31 510 301 36 36 447 295 36 36
img/positive/1626020269.7136235.jpg 1 419 131 36 32
img/positive/1626020281.2352552.jpg 1 417 122 40 35
img/positive/1626020304.5110366.jpg 1 504 276 37 34
img/positive/1626020420.1043494.jpg 12 490 280 37 37 586 275 35 35 620 281 1 29 620 281 31 33 718 104 37 35 297 215 37 33 241 209 42 36 150 217 39 32 348 107 35 35 377 100 36 38 433 110 36 30 511 281 29 33
img/positive/1626020430.804987.jpg 7 150 238 39 33 244 233 40 35 291 238 44 33 491 300 35 31 508 298 30 33 585 303 36 29 616 298 38 34
img/positive/1626020431.973862.jpg 7 297 234 35 31 244 238 40 34 146 230 43 36 491 302 35 31 505 300 37 34 583 302 39 36 617 299 39 34
img/positive/1626020434.75749.jpg 5 146 233 43 36 487 297 41 34 506 298 37 34 581 303 41 33 613 294 42 38
img/positive/1626020435.929105.jpg 5 490 304 38 34 504 301 37 36 584 298 37 38 617 302 39 34 151 231 36 35
img/positive/1626020438.9180079.jpg 3 488 302 42 33 510 303 28 32 150 230 40 36
img/positive/1626020439.2900915.jpg 3 510 304 29 31 491 303 33 35 150 234 40 35
img/positive/1626020439.9502404.jpg 3 491 301 35 33 511 302 30 32 146 237 46 35
img/positive/1626020440.984473.jpg 3 488 296 37 37 506 296 34 36 152 234 37 34
img/positive/1626020446.1009617.jpg 3 151 236 37 33 492 301 35 35 504 300 36 37
img/positive/1626020446.4520407.jpg 3 152 237 35 36 490 300 38 36 507 301 32 32
img/positive/1626020449.017618.jpg 2 492 303 34 33 509 304 32 31
img/positive/1626020449.3806999.jpg 2 489 302 37 34 504 304 34 31
img/positive/1626020449.6497605.jpg 2 487 299 40 35 506 304 34 32
img/positive/1626020449.879812.jpg 2 492 302 33 30 503 301 36 33
img/positive/1626020450.1128652.jpg 2 486 299 41 31 504 299 37 33
img/positive/1626020470.3359368.jpg 1 545 283 38 30
img/positive/1626020474.3009043.jpg 1 544 282 41 33
img/positive/1626020478.974596.jpg 1 546 278 37 37
img/positive/1626020489.0800166.jpg 1 541 279 44 35
img/positive/1626020490.849411.jpg 2 546 299 39 38 120 235 40 33
img/positive/1626020508.7051945.jpg 2 544 295 41 35 122 236 37 32
img/positive/1626020629.859338.jpg 1 594 128 38 36
img/positive/1626020631.957491.jpg 1 593 123 40 34
img/positive/1626020633.8829253.jpg 1 594 131 37 30
img/positive/1626020634.8046308.jpg 1 593 127 40 32
img/positive/1626020635.8488655.jpg 1 590 124 41 35
img/positive/1626020637.0646567.jpg 1 594 130 38 34
img/positive/1626020638.3660934.jpg 1 594 122 37 36
img/positive/1626020639.418886.jpg 2 593 128 36 32 124 237 37 32
img/positive/1626020640.624158.jpg 2 123 229 35 36 592 128 39 33
img/positive/1626020641.687397.jpg 2 122 235 39 33 593 124 39 34
img/positive/1626020643.3775454.jpg 2 124 229 36 37 591 129 42 33
img/positive/1626020645.651407.jpg 2 126 238 33 32 591 124 42 36
img/positive/1626020646.6106224.jpg 2 594 129 36 34 124 236 38 31
img/positive/1626020647.9969344.jpg 2 595 124 37 33 123 233 37 35
img/positive/1626020649.0551732.jpg 2 593 126 39 33 124 236 37 34
img/positive/1626020650.6205258.jpg 2 123 231 38 34 594 126 37 36
img/positive/1626020653.30413.jpg 1 127 234 35 30
img/positive/1626020654.753458.jpg 1 122 227 39 36
img/positive/1626020657.384049.jpg 1 124 211 37 36
img/positive/1626020661.5236723.jpg 1 122 217 40 33
img/positive/1626020663.5064824.jpg 2 123 210 37 36 494 277 42 33
img/positive/1626020664.8221085.jpg 2 121 238 41 32 496 303 40 32
img/positive/1626020667.1568043.jpg 2 495 297 41 33 124 232 38 34
img/positive/1626020668.8610604.jpg 2 122 235 39 34 497 299 37 35
img/positive/1626020670.9715073.jpg 2 124 235 37 32 497 302 40 31
img/positive/1626020676.0989645.jpg 2 126 233 35 35 498 299 36 31
img/positive/1626020677.732476.jpg 2 499 299 35 36 120 236 45 34
img/positive/1626020679.6936066.jpg 2 122 231 40 35 499 297 35 33
img/positive/1626020683.0554233.jpg 2 124 231 37 32 498 295 35 34
img/positive/1626020684.3704047.jpg 2 120 236 40 34 495 301 37 33
img/positive/1626020686.7120907.jpg 2 123 230 39 35 498 300 36 31
img/positive/1626020689.281488.jpg 2 125 233 36 34 501 299 33 32
img/positive/1626020691.0674646.jpg 2 499 302 35 30 123 234 39 35
img/positive/1626020692.7841682.jpg 2 124 235 36 32 498 298 37 36
img/positive/1626020695.1361248.jpg 2 122 230 39 35 495 298 40 31
img/positive/1626020697.9597664.jpg 2 121 237 42 30 498 297 36 36
img/positive/1626020699.8905392.jpg 2 122 238 42 31 497 301 36 33
img/positive/1626020703.8266604.jpg 2 122 237 40 34 498 302 37 33
img/positive/1626020706.517079.jpg 2 122 220 40 31 498 282 34 34
img/positive/1626020709.01307.jpg 3 122 212 40 32 501 279 31 31 435 280 34 29
img/positive/1626020715.992144.jpg 3 435 294 33 34 498 297 33 31 121 232 39 32
img/positive/1626020717.8356824.jpg 3 433 299 37 30 499 298 35 31 122 231 38 36
img/positive/1626020719.7512562.jpg 3 124 238 37 33 431 301 42 35 497 303 37 33
img/positive/1626020764.9640472.jpg 5 124 238 39 32 283 234 37 35 499 299 35 34 435 298 35 33 652 128 38 32
img/positive/1626020768.1896923.jpg 5 284 233 41 36 120 234 44 35 655 127 33 32 501 299 33 34 433 298 36 33
img/positive/1626020769.8311677.jpg 5 654 127 34 34 283 233 38 36 121 234 43 35 435 298 36 36 496 299 38 35
img/positive/1626020770.7461574.jpg 5 286 231 35 35 123 231 41 36 653 122 37 34 495 295 39 35 432 295 40 35
img/positive/1626020772.8278751.jpg 5 120 235 43 36 282 234 40 37 649 130 44 31 495 300 42 33 433 302 34 31
img/positive/1626020774.3902295.jpg 5 655 127 35 30 124 233 37 34 285 232 35 35 499 297 36 32 434 296 37 34
img/positive/1626020775.805548.jpg 6 120 239 42 32 286 236 36 35 0 0 0 0 654 131 38 34 495 303 40 33 431 303 41 30
img/positive/1626020776.827289.jpg 5 653 125 38 31 497 299 40 32 432 298 36 31 286 235 33 29 122 232 40 33
img/positive/1626020777.735885.jpg 5 126 234 36 35 283 233 38 35 656 127 35 31 499 298 33 31 436 300 32 30
img/positive/1626020778.6700952.jpg 5 123 239 36 30 285 240 36 30 653 131 37 32 499 303 35 32 434 300 38 35
img/positive/1626020780.4434946.jpg 5 283 233 37 32 123 232 39 32 655 125 35 32 497 296 36 32 432 297 36 32
img/positive/1626020781.4547231.jpg 5 124 236 38 33 284 239 39 30 654 129 36 31 498 300 36 33 434 300 37 34
img/positive/1626020783.3171415.jpg 5 124 234 39 32 284 230 38 37 496 298 39 31 434 301 38 29 653 123 39 35
img/positive/1626020784.009298.jpg 5 285 233 36 32 122 232 40 35 498 300 36 31 432 297 39 33 653 126 36 31
img/positive/1626020784.9135025.jpg 5 126 236 34 33 285 236 36 34 432 302 37 33 496 302 39 32 655 130 35 32
img/positive/1626020786.1607819.jpg 6 655 126 35 34 391 124 38 35 281 236 42 31 121 234 42 34 496 301 39 34 432 301 37 30
img/positive/1626020786.7199128.jpg 5 285 234 35 30 126 234 34 30 498 298 35 32 431 294 37 35 653 123 36 36
img/positive/1626020787.5831027.jpg 6 123 234 37 32 281 233 42 32 394 124 37 34 653 125 37 35 497 300 40 31 434 300 35 30
img/positive/1626020788.4252923.jpg 6 396 127 34 33 656 127 32 32 124 234 37 34 284 235 37 36 499 300 34 34 430 299 42 33
img/positive/1626020789.140453.jpg 6 121 221 42 34 281 222 40 30 396 112 35 35 653 113 36 32 436 285 32 33 499 286 33 31
img/positive/1626020790.006648.jpg 6 432 276 37 33 497 273 36 35 654 103 36 35 395 105 35 31 287 213 34 35 125 212 35 33
img/positive/1626020791.1889145.jpg 6 126 214 34 35 286 213 35 37 395 109 34 30 655 110 35 31 498 283 36 29 435 283 34 29
img/positive/1626020792.3518388.jpg 6 123 216 40 36 286 216 33 35 398 110 31 29 653 109 37 33 497 280 38 36 435 284 33 30
img/positive/1626020793.4766922.jpg 6 394 105 36 31 653 103 36 34 122 213 39 33 286 213 32 33 436 276 33 35 493 277 42 32
img/positive/1626020794.336134.jpg 6 497 279 37 34 434 279 36 34 126 217 33 30 287 212 32 36 396 107 35 32 653 106 36 34
img/positive/1626020795.36382.jpg 6 395 112 35 30 653 107 37 35 119 217 42 33 286 219 35 30 434 283 34 32 497 284 36 31
img/positive/1626020797.147031.jpg 6 397 104 33 34 656 103 34 35 126 214 35 33 288 212 33 34 433 275 34 36 502 274 32 37
img/positive/1626020798.2429461.jpg 6 122 217 39 34 288 216 32 35 394 109 37 34 651 108 39 36 432 282 38 33 499 281 36 35
img/positive/1626020803.1760583.jpg 6 396 104 33 32 654 104 35 33 285 210 36 36 121 215 40 29 494 276 41 33 433 276 36 33
img/positive/1626020813.9224765.jpg 2 124 214 38 33 430 279 39 31
img/positive/1626020816.4758089.jpg 2 122 216 41 34 431 281 36 34
img/positive/1626020821.0812433.jpg 3 124 223 39 33 197 221 33 32 430 286 40 34
img/positive/1626020825.4069312.jpg 2 121 222 41 33 431 283 37 34
img/positive/1626020827.57442.jpg 2 430 285 41 36 118 221 43 33
img/positive/1626020828.7146513.jpg 2 122 223 41 31 431 282 38 35
img/positive/1626020830.8531325.jpg 2 118 237 45 34 429 302 42 35
img/positive/1626020832.6215317.jpg 2 122 233 39 32 430 295 41 34
img/positive/1626020834.2378955.jpg 2 123 241 39 31 433 303 36 32
img/positive/1626020835.7972474.jpg 2 125 233 37 34 431 297 41 32
img/positive/1626020838.0172114.jpg 2 432 300 38 32 122 237 40 34
img/positive/1626020841.1061664.jpg 2 122 236 40 36 432 302 38 34
img/positive/1626020844.9320276.jpg 2 123 234 39 36 431 299 39 33
img/positive/1626020850.201215.jpg 2 125 218 36 31 435 281 33 32
img/positive/1626020854.3221424.jpg 2 124 219 36 31 431 282 41 35
img/positive/1626020857.1037688.jpg 2 125 219 35 32 433 282 35 32
img/positive/1626020859.929405.jpg 2 128 221 31 32 433 287 34 30
img/positive/1626020862.719024.jpg 2 123 219 39 32 433 284 39 30
img/positive/1626020864.274188.jpg 2 123 222 38 33 432 286 37 32
img/positive/1626020867.9520056.jpg 2 122 222 42 29 431 284 38 34
img/positive/1626020870.9711413.jpg 2 433 282 38 38 123 220 38 34
img/positive/1626020872.1764126.jpg 2 122 215 40 34 433 280 36 32
img/positive/1626020874.0088255.jpg 2 125 216 35 34 433 283 37 32
img/positive/1626020876.4793813.jpg 2 121 213 41 35 431 283 42 33
img/positive/1626020877.2065465.jpg 2 125 217 36 35 430 282 43 33
img/positive/1626020906.8103304.jpg 3 123 232 40 37 431 302 40 34 482 128 40 34
img/positive/1626020910.5841799.jpg 3 122 235 40 33 431 298 42 34 485 126 38 35
img/positive/1626020913.9139297.jpg 2 119 232 45 36 432 296 40 38
img/positive/1626020925.1283655.jpg 2 123 213 38 34 433 279 36 33
img/positive/1626020932.586443.jpg 3 121 218 42 32 432 282 37 34 605 279 39 32
img/positive/1626020934.5098765.jpg 3 125 218 36 31 435 281 32 32 606 287 38 34
img/positive/1626020943.1138134.jpg 2 121 235 41 35 436 301 32 31
img/positive/1626020944.8417082.jpg 3 124 234 39 35 328 128 41 33 431 299 38 33
img/positive/1626020946.1734672.jpg 3 125 234 34 36 330 129 38 33 433 302 40 32
img/positive/1626020955.4905412.jpg 2 122 237 39 36 436 302 34 33
img/positive/1626020956.4897673.jpg 2 124 235 38 33 433 301 38 30
img/positive/1626020968.2154076.jpg 2 127 236 34 32 431 304 38 30
img/positive/1626020977.858711.jpg 2 126 218 34 30 434 283 34 29
img/positive/1626020995.101932.jpg 2 128 223 32 31 431 291 40 29
img/positive/1626020999.259872.jpg 2 127 234 34 32 435 295 31 37
img/positive/1626021015.6655912.jpg 2 125 234 35 32 430 297 39 32
img/positive/1626021050.7828922.jpg 3 122 235 38 32 63 240 41 32 434 298 33 34
img/positive/1626021052.101224.jpg 3 64 232 35 32 123 238 38 31 432 300 36 31
img/positive/1626021053.1584759.jpg 3 66 236 33 31 127 239 32 32 433 300 36 34
img/positive/1626021053.398699.jpg 3 63 238 39 30 124 238 37 31 435 304 32 28
img/positive/1626021055.095736.jpg 3 64 212 35 35 127 212 32 34 433 276 34 34
img/positive/1626021063.8244977.jpg 2 125 234 36 31 435 299 35 30
img/positive/1626021065.7989419.jpg 2 121 240 43 30 434 302 36 33
img/positive/1626021085.5526073.jpg 2 121 240 39 29 432 306 37 29
img/positive/1626021102.6347966.jpg 2 127 236 34 33 435 300 34 32
img/positive/1626021104.8382936.jpg 3 127 237 35 32 330 234 39 37 434 301 36 35
img/positive/1626021115.2936485.jpg 1 331 216 40 33
img/positive/1626021116.4118998.jpg 1 334 213 35 31
img/positive/1626021122.7989361.jpg 2 335 216 34 29 538 264 34 31
img/positive/1626021123.7251444.jpg 2 331 215 41 31 536 282 36 34
img/positive/1626021124.9295707.jpg 2 333 238 36 33 538 300 36 31
img/positive/1626021128.2214036.jpg 1 332 237 36 33
img/positive/1626021129.2206283.jpg 1 334 234 33 31
img/positive/1626021130.4619076.jpg 1 331 234 37 33
img/positive/1626021132.15829.jpg 2 333 236 36 32 313 126 37 30
img/positive/1626021135.1109552.jpg 1 314 124 33 35
img/positive/1626021136.9143603.jpg 1 309 132 41 31
img/positive/1626021138.5757356.jpg 1 310 124 43 33
img/positive/1626021142.0575194.jpg 1 313 125 35 33
img/positive/1626021144.006041.jpg 1 310 130 43 30
img/positive/1626021145.325477.jpg 1 310 124 38 32
img/positive/1626021153.0712035.jpg 1 338 232 34 33
